Epoch	Train_Total	Train_Data	Train_PI	Val_Loss	Epoch_Time(s)
0001	0.048330	0.044941	0.000034	0.003414	75.9577
0002	0.007766	0.007478	0.000003	0.001650	75.7348
0003	0.006157	0.005907	0.000002	0.001447	74.9885
0004	0.005250	0.005038	0.000002	0.001395	76.0338
0005	0.004431	0.004252	0.000002	0.001144	79.8000
0006	0.003627	0.003479	0.000001	0.000965	78.0802
0007	0.002922	0.002778	0.000001	0.000889	75.6252
0008	0.002292	0.002154	0.000001	0.000817	74.7705
0009	0.001793	0.001669	0.000001	0.000750	75.0770
0010	0.001411	0.001313	0.000001	0.000711	76.1276
0011	0.001167	0.001059	0.000001	0.000624	74.5934
0012	0.000983	0.000885	0.000001	0.000548	74.7751
0013	0.000846	0.000759	0.000001	0.000576	75.8996
0014	0.000754	0.000664	0.000001	0.000375	74.7422
0015	0.000664	0.000578	0.000001	0.000309	75.0793
0016	0.000580	0.000502	0.000001	0.000239	74.8612
0017	0.000514	0.000444	0.000001	0.000246	74.2203
0018	0.000467	0.000397	0.000001	0.000190	74.8255
0019	0.000419	0.000357	0.000001	0.000158	74.8128
0020	0.000388	0.000329	0.000001	0.000149	74.6221
0021	0.000357	0.000304	0.000001	0.000134	75.4423
0022	0.000331	0.000283	0.000000	0.000126	75.6540
0023	0.000312	0.000265	0.000000	0.000146	74.7000
0024	0.000307	0.000250	0.000001	0.000128	74.8676
0025	0.000271	0.000239	0.000000	0.000112	75.3747
0026	0.000266	0.000230	0.000000	0.000113	75.1989
0027	0.000253	0.000221	0.000000	0.000118	74.7815
0028	0.000245	0.000217	0.000000	0.000116	75.3201
0029	0.000245	0.000211	0.000000	0.000105	73.9011
0030	0.000227	0.000206	0.000000	0.000113	71.4604
0031	0.000230	0.000203	0.000000	0.000105	71.4518
0032	0.000220	0.000199	0.000000	0.000103	71.5751
0033	0.000217	0.000196	0.000000	0.000113	71.3777
0034	0.000214	0.000194	0.000000	0.000100	71.4359
0035	0.000209	0.000191	0.000000	0.000104	71.5812
0036	0.000209	0.000188	0.000000	0.000107	71.3311
0037	0.000204	0.000187	0.000000	0.000099	71.5496
0038	0.000199	0.000185	0.000000	0.000103	71.5170
0039	0.000198	0.000183	0.000000	0.000105	71.4124
0040	0.000196	0.000182	0.000000	0.000106	71.4598
0041	0.000195	0.000182	0.000000	0.000105	71.4767
0042	0.000191	0.000179	0.000000	0.000098	71.3174
0043	0.000191	0.000178	0.000000	0.000098	71.3890
0044	0.000186	0.000177	0.000000	0.000105	74.0465
0045	0.000188	0.000176	0.000000	0.000107	71.7491
0046	0.000186	0.000176	0.000000	0.000102	71.8120
0047	0.000184	0.000174	0.000000	0.000099	72.6349
0048	0.000183	0.000174	0.000000	0.000106	72.0929
0049	0.000182	0.000173	0.000000	0.000096	72.4930
0050	0.000185	0.000173	0.000000	0.000104	71.7734
0051	0.000188	0.000172	0.000000	0.000103	71.5794
0052	0.000174	0.000171	0.000000	0.000116	71.6411
0053	0.000179	0.000170	0.000000	0.000098	71.4768
0054	0.000176	0.000168	0.000000	0.000108	71.5415
0055	0.000175	0.000168	0.000000	0.000098	72.9857
0056	0.000195	0.000170	0.000000	0.000096	72.2610
0057	0.000168	0.000167	0.000000	0.000099	72.4429
0058	0.000172	0.000167	0.000000	0.000098	72.1926
0059	0.000173	0.000166	0.000000	0.000096	71.9638
0060	0.000173	0.000166	0.000000	0.000104	71.6271
0061	0.000173	0.000166	0.000000	0.000101	71.8656
0062	0.000172	0.000165	0.000000	0.000101	71.6805
0063	0.000184	0.000165	0.000000	0.000098	71.5398
0064	0.000166	0.000165	0.000000	0.000098	72.3658
0065	0.000167	0.000163	0.000000	0.000100	71.9943
0066	0.000169	0.000164	0.000000	0.000103	72.1540
0067	0.000169	0.000163	0.000000	0.000096	71.8762
0068	0.000169	0.000163	0.000000	0.000096	72.3129
0069	0.000167	0.000162	0.000000	0.000097	73.1253
0070	0.000168	0.000163	0.000000	0.000097	73.3068
0071	0.000171	0.000160	0.000000	0.000097	72.4588
0072	0.000165	0.000161	0.000000	0.000102	71.9580
0073	0.000156	0.000156	0.000000	0.000092	72.5494
0074	0.000156	0.000155	0.000000	0.000093	72.3268
0075	0.000157	0.000156	0.000000	0.000102	72.1928
0076	0.000157	0.000156	0.000000	0.000094	72.2801
0077	0.000157	0.000156	0.000000	0.000095	72.5617
0078	0.000157	0.000155	0.000000	0.000094	72.0559
0079	0.000156	0.000155	0.000000	0.000093	72.2434
0080	0.000156	0.000155	0.000000	0.000091	72.6969
0081	0.000157	0.000155	0.000000	0.000093	74.3673
0082	0.000156	0.000155	0.000000	0.000093	72.8145
0083	0.000156	0.000155	0.000000	0.000097	71.5912
0084	0.000156	0.000154	0.000000	0.000093	71.9487
0085	0.000156	0.000154	0.000000	0.000093	72.6979
0086	0.000155	0.000154	0.000000	0.000093	72.2466
0087	0.000155	0.000154	0.000000	0.000092	72.6035
0088	0.000154	0.000153	0.000000	0.000091	72.4258
0089	0.000155	0.000154	0.000000	0.000092	72.2513
0090	0.000155	0.000154	0.000000	0.000092	72.5281
0091	0.000155	0.000154	0.000000	0.000095	71.7495
0092	0.000155	0.000153	0.000000	0.000091	71.6984
0093	0.000154	0.000153	0.000000	0.000091	71.8651
0094	0.000154	0.000153	0.000000	0.000094	71.6657
0095	0.000154	0.000153	0.000000	0.000093	71.8043
0096	0.000154	0.000153	0.000000	0.000093	71.6448
0097	0.000149	0.000149	0.000000	0.000092	71.7662
0098	0.000150	0.000150	0.000000	0.000092	71.4932
0099	0.000150	0.000150	0.000000	0.000090	71.4551
0100	0.000150	0.000149	0.000000	0.000094	71.5088
0101	0.000150	0.000149	0.000000	0.000090	71.5402
0102	0.000150	0.000150	0.000000	0.000091	71.5633
0103	0.000149	0.000149	0.000000	0.000091	71.4332
0104	0.000150	0.000149	0.000000	0.000089	72.4434
0105	0.000150	0.000149	0.000000	0.000093	72.3333
0106	0.000149	0.000149	0.000000	0.000089	71.7654
0107	0.000149	0.000149	0.000000	0.000091	71.3498
0108	0.000149	0.000149	0.000000	0.000090	72.0790
0109	0.000149	0.000149	0.000000	0.000090	71.8003
0110	0.000149	0.000149	0.000000	0.000090	71.8695
0111	0.000149	0.000149	0.000000	0.000090	71.5070
0112	0.000149	0.000148	0.000000	0.000094	71.4924
0113	0.000149	0.000149	0.000000	0.000090	72.1194
0114	0.000149	0.000148	0.000000	0.000092	72.0883
0115	0.000148	0.000148	0.000000	0.000090	72.0283
0116	0.000149	0.000148	0.000000	0.000091	71.5892
0117	0.000149	0.000148	0.000000	0.000090	71.6813
0118	0.000148	0.000148	0.000000	0.000092	71.7288
0119	0.000148	0.000148	0.000000	0.000090	71.9894
0120	0.000148	0.000148	0.000000	0.000091	71.7896
0121	0.000148	0.000148	0.000000	0.000089	71.5218
0122	0.000148	0.000147	0.000000	0.000090	71.4100
0123	0.000147	0.000147	0.000000	0.000089	71.6887
0124	0.000146	0.000146	0.000000	0.000088	71.8308
0125	0.000146	0.000146	0.000000	0.000089	71.3287
0126	0.000146	0.000146	0.000000	0.000089	71.3298
0127	0.000146	0.000146	0.000000	0.000091	71.3612
0128	0.000147	0.000147	0.000000	0.000088	71.6194
0129	0.000146	0.000146	0.000000	0.000089	71.7906
0130	0.000146	0.000146	0.000000	0.000089	72.1139
0131	0.000146	0.000146	0.000000	0.000090	72.6058
0132	0.000146	0.000146	0.000000	0.000090	71.3597
0133	0.000147	0.000146	0.000000	0.000090	71.7678
0134	0.000146	0.000146	0.000000	0.000089	71.5388
0135	0.000146	0.000146	0.000000	0.000089	71.3572
0136	0.000146	0.000146	0.000000	0.000089	72.0245
0137	0.000146	0.000146	0.000000	0.000089	72.4912
0138	0.000146	0.000145	0.000000	0.000091	71.7277
0139	0.000145	0.000145	0.000000	0.000088	71.7441
0140	0.000146	0.000146	0.000000	0.000091	72.2861
0141	0.000146	0.000146	0.000000	0.000089	71.2981
0142	0.000146	0.000146	0.000000	0.000090	71.4946
0143	0.000146	0.000146	0.000000	0.000090	71.7106
0144	0.000146	0.000146	0.000000	0.000091	71.7298
0145	0.000145	0.000145	0.000000	0.000089	71.9287
0146	0.000145	0.000145	0.000000	0.000088	71.7994
0147	0.000145	0.000145	0.000000	0.000088	72.4287
0148	0.000145	0.000145	0.000000	0.000090	71.3922
0149	0.000145	0.000145	0.000000	0.000089	71.5415
0150	0.000144	0.000144	0.000000	0.000089	71.5602
0151	0.000145	0.000145	0.000000	0.000088	71.8825
0152	0.000145	0.000145	0.000000	0.000088	71.5399
0153	0.000145	0.000145	0.000000	0.000089	71.6447
0154	0.000145	0.000145	0.000000	0.000089	71.5529
0155	0.000144	0.000144	0.000000	0.000089	72.8406
0156	0.000144	0.000144	0.000000	0.000089	72.4697
0157	0.000144	0.000144	0.000000	0.000089	71.4473
0158	0.000144	0.000144	0.000000	0.000088	71.7922
0159	0.000144	0.000144	0.000000	0.000089	71.8230
0160	0.000145	0.000145	0.000000	0.000089	71.9120
0161	0.000144	0.000144	0.000000	0.000088	71.7857
0162	0.000145	0.000145	0.000000	0.000088	71.4224
0163	0.000145	0.000145	0.000000	0.000091	71.3631
0164	0.000144	0.000144	0.000000	0.000088	71.7352
0165	0.000145	0.000145	0.000000	0.000088	71.4266
0166	0.000144	0.000144	0.000000	0.000088	71.7417
0167	0.000145	0.000145	0.000000	0.000089	71.9950
0168	0.000145	0.000145	0.000000	0.000088	71.3563
0169	0.000144	0.000144	0.000000	0.000090	72.0644
0170	0.000144	0.000144	0.000000	0.000088	71.9132
0171	0.000144	0.000144	0.000000	0.000089	71.3833
0172	0.000144	0.000144	0.000000	0.000088	71.1922
0173	0.000145	0.000144	0.000000	0.000089	63.0020
0174	0.000145	0.000145	0.000000	0.000088	62.9165
0175	0.000144	0.000144	0.000000	0.000088	62.8271
0176	0.000144	0.000144	0.000000	0.000090	63.8447
0177	0.000144	0.000144	0.000000	0.000089	73.0582
0178	0.000144	0.000144	0.000000	0.000088	74.9110
0179	0.000144	0.000144	0.000000	0.000088	73.8001
0180	0.000144	0.000144	0.000000	0.000088	73.7696
0181	0.000143	0.000143	0.000000	0.000088	73.2145
0182	0.000144	0.000144	0.000000	0.000088	76.1228
