====================================================================================================
              HUST DATASET: INITIAL CAPACITY vs C-RATE vs CYCLE LIFE ANALYSIS
====================================================================================================
Generated on: 2026-04-01 14:44:15.388985

[GLOBAL CORRELATIONS]
1. Initial Capacity vs Cycle Life: 0.5642
2. Discharge C-rate vs Cycle Life: 0.3158
3. Initial Capacity vs Discharge C-rate: 0.0402

[HYPOTHESIS VERIFICATION]
-> NO DIRECT BIAS: C-rate assignment doesn't seem to depend on initial capacity measured at Cycle 1.

[BATCH-WISE SUMMARY]
      init_cap_mah              cycle_life                c_rate cell_id
              mean        std         mean         std      mean   count
batch                                                                   
1      1181.475253  17.831039  1827.125000  486.529529  2.244606       8
2      1180.978667  19.806569  1791.714286  466.095024  2.809637       7
3      1187.338092  19.313707  2200.625000  370.139332  3.107011       8
4      1185.759414  18.865256  1686.875000  380.918603  2.273532       8
5      1187.818813  15.227946  2082.142857  479.869923  2.682883       7
6      1183.346927  11.158633  2019.142857  348.925221  2.807259       7
7      1178.312225   6.807232  1665.625000  273.672347  2.260007       8
8      1188.748339  15.955598  1870.375000  397.676803  2.456858       8
9      1189.397028   7.729526  2038.750000  173.671077  2.587245       8
10     1188.206000  18.121900  1819.500000  258.570245  2.412867       8

[DETAILED PER-CELL DATA]
cell_id  batch  init_cap_mah  cycle_life   c_rate
    1-1      1   1174.299200        1504 1.725894
    1-2      1   1205.582200        2678 2.055509
    1-3      1   1165.812889        1858 2.203037
    1-4      1   1166.213533        1500 2.286378
    1-5      1   1159.010667        1971 2.337826
    1-6      1   1203.750600        1143 2.058891
    1-7      1   1185.984600        1678 2.538073
    1-8      1   1191.148333        2285 2.751241
    2-2      2   1221.414444        2651 2.920233
    2-3      2   1168.245378        1751 2.203013
    2-4      2   1184.274889        1499 2.755959
    2-5      2   1158.855844        1386 3.049867
    2-6      2   1173.805822        1572 3.184291
    2-7      2   1181.436356        2202 3.271490
    2-8      2   1178.817933        1481 2.282606
    3-1      3   1182.727422        1938 2.886330
    3-2      3   1186.627400        2283 3.165454
    3-3      3   1174.711467        1649 3.354621
    3-4      3   1173.878022        1766 3.463819
    3-5      3   1229.584733        2657 2.315283
    3-6      3   1180.554267        2491 2.968870
    3-7      3   1170.997311        2479 3.287297
    3-8      3   1199.624111        2342 3.414417
    4-1      4   1182.033133        2217 3.566138
    4-2      4   1180.163489        1782 1.674504
    4-3      4   1175.811422        1142 1.984352
    4-4      4   1171.704000        1491 2.118508
    4-5      4   1194.793844        1561 2.189703
    4-6      4   1170.702711        1380 2.240338
    4-7      4   1228.532222        2216 1.984286
    4-8      4   1182.334489        1706 2.430430
    5-1      5   1205.881067        2507 2.615998
    5-2      5   1172.238800        1926 2.753822
    5-3      5   1202.038778        2689 2.798576
    5-4      5   1180.305622        1962 2.119050
    5-5      5   1173.525667        1583 2.637335
    5-6      5   1203.531133        2460 2.844236
    5-7      5   1177.210622        1448 3.011164
    6-1      6   1174.169978        1609 2.193688
    6-2      6   1183.498956        1908 2.746892
    6-3      6   1181.359111        1804 3.000208
    6-4      6   1178.044044        1717 3.162876
    6-5      6   1185.589000        2178 3.243996
    6-6      6   1174.155333        2468 2.243385
    6-8      6   1206.612067        2450 3.059765
    7-1      7   1182.585689        1690 3.253500
    7-2      7   1191.850000        2030 3.337723
    7-3      7   1170.929267        1295 1.593103
    7-4      7   1172.875733        1393 1.872661
    7-5      7   1177.297378        1875 1.991337
    7-6      7   1174.732778        1419 2.059612
    7-7      7   1174.588556        1685 2.098711
    7-8      7   1181.638400        1938 1.873410
    8-1      8   1175.891378        1308 2.270563
    8-2      8   1200.782956        2041 2.431499
    8-3      8   1188.871800        2290 2.534102
    8-4      8   1179.319667        1885 2.603680
    8-5      8   1172.209822        1348 1.992029
    8-6      8   1221.039400        2365 2.422698
    8-7      8   1180.887889        2047 2.645294
    8-8      8   1190.983800        1679 2.754998
    9-1      9   1199.225689        2057 2.817353
    9-2      9   1190.443711        2143 2.058375
    9-3      9   1191.901311        1905 2.536380
    9-4      9   1193.552400        1975 2.744938
    9-5      9   1188.778067        2168 2.880982
    9-6      9   1193.015422        1742 2.954504
    9-7      9   1185.157867        2012 2.097972
    9-8      9   1173.101756        2308 2.607456
   10-1     10   1174.740000        1702 2.840871
   10-2     10   1184.995400        1697 2.962954
   10-3     10   1181.987400        1848 3.053534
   10-4     10   1180.358444        1811 1.831774
   10-5     10   1181.720178        2030 2.256971
   10-6     10   1232.204600        2285 2.276252
   10-7     10   1183.079267        1783 2.212820
   10-8     10   1186.562711        1400 1.867757